5981
10234
3804
5046
9543
7586
3800
5843
5007
3189
6325
2563
4649
6027
5806
2145
1621
7080
5834
4798
6435
9939
982
5813
9290
2534
5812
5110
5241
4016
2272
4144
9514
8419
4941
3673
2882
2035
10424
1537
3308
5249
3471
4669
1342
5234
3767
2890
312
871
7738
3222
171
1042
3295
9584
3233
7473
29
94
2163
409
543
207
2915
1494
2037
6698
823
141
1040
269
10045
60
3790
3255
8
1544
843
425
1399
5442
6199
1952
16350
3616
56
552
985
673
797
2846
715
1062
1173
1429
1144
3108
2118
661
17
55
18
58
26
174
923
734
980
847
762
277
495
23
2107
4034
2935
2751
19560
17442
9196
16755
18751
15833
21511
17266
19646
15014
12110
6757
11646
10660
9852
12243
9853
7005
10850
11587
9564
11614
13148
5513
8069
8976
7087
8428
7679
9747
7180
7227
4997
9753
9164
16202
14987
12273
3951
6071
8575
4339
11357
9038
3849
5019
5944
10081
6495
10272
6275
6621
5525
9533
7544
4944
12153
16053
9681
4117
3179
2489
442
825
430
5695
6038
5045
7864
6577
11364
5315
5680
8703
8161
11115
9458
6600
10429
9967
8555
8337
19655
8855
7606
12398
3942
6960
11958
7675
8347
9173
7547
5829
7087
6258
10261
5790
6656
6873
6940
8939
9959
9865
11312
5087
8778
12032
7299
6196
3340
10380
16770
9208
8566
5797
4560
6376
3081
12120
2924
4928
915
3710
806
3762
4192
5424
5331
3260
5643
1076
3824
819
194
161
1601
3910
616
3964
5057
3329
2656
1107
8
1983
2635
3325
4599
2883
7022
4919
7409
6088
5551
21691
14922
4715
6369
11548
3022
12356
9870
10474
10410
8172
10476
6444
6776
5068
7351
7991
9251
7220
11394
11274
6767
4751
2527
6148
5615
10160
12678
9929
7262
8867
8626
9951
6844
15477
6707
10238
8597
6818
10413
6861
10582
4560
9656
11229
6295
7918
10116
8358
4682
5412
3322
4645
481
342
1848
1604
2184
839
562
3512
583
520
5441
12498
6910
9880
7650
10017
7464
4611
14710
6930
8750
17544
7754
10346
8753
9451
11512
13223
9617
10994
7358
6371
16761
9234
10046
15020
9454
9146
12532
10020
10315
6859
6300
7811
15163
2866
8056
8534
7737
7437
7566
13291
4096
12388
12867
5666
6216
5192
1707
7501
5860
7746
9098
12533
5487
5549
3635
3707
5409
9049
2410
161
4566
3474
7001
1154
3528
4286
5770
633
4935
1794
7807
3962
11824
26713
7644
4829
1436
924
214
1168
18053
2935
2559
3092
2609
3736
2164
2705
2944
1598
973
3605
8399
9132
5889
3659
9256
171
8338
1300
2400
4109
7019
3024
6603
939
1124
4628
2625
6511
4892
7712
4555
8683
10913
4906
25593
1518
4597
5285
5946
4256
15173
5505
3701
8697
17315
6815
14593
5367
1825
6041
9827
6301
673
6619
8905
3583
4360
14818
6794
7279
13880
5660
5717
24301
16166
12569
9867
8888
21457
8748
17843
12788
16033
9312
19612
5063
